7
0 1 2 3 4 5 6

0 1 2
0 1 3
0 1 4
0 1 5
0 1 6
(5)

0 2 1	중복
0 2 3
0 2 4
0 2 5
0 2 6
(4)

0 3 1	중복
0 3 2	중복
0 3 4
0 3 5
0 3 6
(3)

0 4 1	중복
0 4 2	중복
0 4 3	중복
0 4 5
0 4 6
(2)

0 5 1	중복
0 5 2	중복
0 5 3	중복
0 5 4	중복
0 5 6
(1)

1 0 2	중복
1 0 3	중복
1 0 4	중복
1 0 5	중복
1 0 6	중복
(0)

1 2 0	중복
1 2 3
1 2 4
1 2 5
1 2 6
(4)

1 3 0	중복
1 3 2	중복
1 3 4
1 3 5
1 3 6
(3)

1 4 0	중복
1 4 2	중복
1 4 3	중복
1 4 5
1 4 6
(2)

1 5 0	중복
1 5 2	중복
1 5 3	중복
1 5 4	중복
1 5 6
(1)

2 0 1	중복
2 0 3	중복
2 0 4	중복
2 0 5	중복
2 0 6	중복
(0)

2 1 0	중복
2 1 3	중복
2 1 4	중복
2 1 5	중복
2 1 6	중복
(0)

2 3 0	중복
2 3 1	중복
2 3 4
2 3 5	
2 3 6	
(3)

2 4 0	중복
2 4 1	중복
2 4 3	중복
2 4 5	
2 4 6	
(2)

((M-1)/2)(M-2) 이게 0으로 시작하는 위치의 경우의 수	15	-5
((M-2)/2)(M-3) 이게 1으로 시작하는 위치의 경우의 수	10	-4
((M-3)/2)(M-4) 이게 2으로 시작하는 위치의 경우의 수	6	-3
((M-4)/2)(M-5) 이게 3으로 시작하는 위치의 경우의 수	3	-2
((M-5)/2)(M-6) 이게 4으로 시작하는 위치의 경우의 수	1
